96.96304279281979
3.6040340643080455
3.6937137643496194
3.8473911058335077
3.7540077292729936
3.697003032479967
3.593214215740325
3.551956211763715
3.525089037796808
3.4698824343227206
3.457719928688473
3.426468445195092
3.408611692133404
3.3702136930965243
3.3589135152953014
3.3256920301724993
3.317714430036999
3.298917049453372
3.2698785350436257
3.274435509764959
3.259990629695711
3.2435662282837763
3.2336074255761647
3.2239083288207886
3.226295043551733
3.1919635411292786
3.171386322331807
3.1534452845179843
3.177278174294366
3.137700897360605
3.1500352062876265
3.1264145516213917
3.125743286004142
3.100209375222524
3.0619891815715365
3.073657955442156
3.069778136790745
3.0320444901784263
3.036894878697774
3.0460149191674732
3.0087902271558367
3.0316934112518554
3.0030764890095543
2.9874043871485996
2.988378952419947
2.978334733418056
2.9479119314087763
2.9393514763741266
2.9463834885566955
2.9407022548100303
3.152913032070039
3.193651964740148
3.1225624387226407
3.1023928295998346
3.065666605555822
2.997904552353753
2.9723123217385914
2.9494161397691756
2.9254818407316057
2.8933539258109198
2.879514444442022
2.8425154780584667
2.774795667519645
2.7653023354590887
2.7025115225050182
2.6652378146610562
2.6223668815597656
2.5840197337998285
2.559941535904294
2.529764805521284
2.492989270460038
2.478484877518245
2.4372869881372603
2.4247935929941753
2.416469109909875
2.384988769179299
2.3761003471556164
2.3521036874680292
2.339479550482735
2.3336787053516934
2.3127271523551336
2.303132472530244
2.306746685315692
2.3044471442699432
2.2938231300740015
2.2877351040877993
2.2893973049663363
2.296799203706166
2.2660103066573067
2.275603620305894
