96.96250533868395
3.6040924692910816
3.6956524101514665
3.835169153554099
3.7384039646103266
3.6796027421951294
3.5909582840071783
3.5532509126360456
3.524171136674427
3.460656480183677
3.462342271729121
3.4245043690242465
3.4006570284328763
3.367772841264331
3.349901607112279
3.3225130136050876
3.314351113069625
3.2952565087212458
3.2715066576760914
3.280078619245499
3.2577592569684226
3.237633567007761
3.239705163335043
3.225217218436892
3.229923493332333
3.1915119422806635
3.1712670250544472
3.166625294420454
3.1876064747098893
3.1439889451814076
3.1555178808787514
3.135055614842309
3.1308423801073952
3.109189912440285
3.07802148660024
3.0859703941950722
3.0778780939087036
3.0412058678884355
3.047591869793241
3.061383337255508
3.03581484537276
3.047052294488937
3.0219780585122487
3.0087084845891074
3.0115038326808383
2.99715051480702
2.965968917286585
2.962601237826877
2.963948823156811
2.970106786205655
3.2612970565992687
3.308576527095976
3.226038502322303
3.211815767818027
3.166658772362603
3.09645362316616
3.079755421668764
3.0396418807998535
3.010959552394019
2.992206873401763
2.9746835733216908
2.9419026393739003
2.863338713608091
2.876682558703044
2.8535895186757285
2.8283009604802207
2.791333756749592
2.7827943156635953
2.7421009143193564
2.7571623136126804
2.688026581491743
2.6622907897782704
2.610576618285406
2.577125918297541
2.5647230763283986
2.5227228686923073
2.507179626396724
2.4690381269606334
2.446897101780725
2.4261916989371892
2.395841185062651
2.3721295713432253
2.3615970006064764
2.3443930570095306
2.3339791127613614
2.318822265617431
2.3151297739573886
2.306010302097078
2.2668979253087724
2.2813294208238997
2.262645403544108
2.2637057403723397
2.2595429633344923
2.2606064904303778
2.2498782267646185
2.2621665308399805
2.262881774750967
2.231557483237887
2.2497098441161807
2.2320429900335887
