96.96250628384333
3.606329151562282
3.6946416468847367
3.8423540923330517
3.749894755227225
3.69367962413364
3.590890678148421
3.552565470574394
3.5226230848403204
3.4661992646399
3.4610626442091807
3.4274670651980808
3.4030293207319957
3.370328810479906
3.3558280638286044
3.326429318814051
3.3194774436572243
3.298824303679996
3.272763292940836
3.2774498093695867
3.2650568740708485
3.2368192701112655
3.2349434788264926
3.225166646261064
3.227466060055627
3.1957729477731007
3.1715968090390403
3.1589383700537303
3.1899297190090965
3.1459362421716963
3.1572220618762667
3.1384865367223345
3.128497288340614
3.114195217215826
3.0762938961150152
3.090723717023456
3.0823911097314625
3.050817307971773
3.054386865525019
3.0611772575075666
3.0307523712279303
3.051235688111139
3.020518967083522
3.004257068747566
3.01117258696329
3.000518891546461
2.960416707727644
2.964961213724954
2.9665219310730224
2.9654447332261102
3.2609885987781344
3.2999986637206304
3.2421351094094533
3.2091045852691407
3.1706252940117365
3.0877745473195635
3.0754898881155346
3.043236253753541
3.0120654049373807
2.9854779290774514
2.9711259783260404
2.9402998468232533
2.8714610111145746
2.873608374406421
2.8603366234945873
2.82795041231882
2.800365557746282
2.7826671023217457
2.742041390093546
2.7581543818352716
2.6846413262306696
2.66512629058626
2.603533937817528
2.5735509036079285
2.562962485684289
2.521020752569986
2.5027675023154607
2.4699541793929205
2.4503020284667847
2.4201407640699357
2.391220901693617
2.3719031602617293
2.3662094171085055
2.3439133848462785
2.329936837866193
2.31111474831899
2.3138695747133284
2.300970968746004
2.269050222067606
2.279554251167509
2.269089893689231
2.2611323188221646
2.26176433146946
2.251664809291325
2.2462171647283764
2.2546927257189675
2.257243272331026
2.2370955499391707
2.2477532483282543
2.237264338466856
