90.34910691919781
3.532456152022831
3.5862820356611222
3.737590163473099
3.666265885035197
3.5744840673037936
3.5292594555824524
3.5224297481869895
3.464471084730966
3.4097150185751537
3.379465878009796
3.3567785904521035
3.322022386959621
3.311643968498896
3.2975264257854886
3.27178165363887
3.261046988623483
3.2501402175615706
3.215409076403058
3.194444447282761
3.207336467409891
3.197058013507298
3.1673115009353277
3.156084283949837
3.1549158578827265
3.1323118626125277
3.1162951702163335
3.1089503235287137
3.1068826346170333
3.084724250293913
3.09321303405459
3.0693493731438166
3.0585662117080084
3.026112523343828
3.0540075339968245
3.0211126908423407
3.011333445707957
2.994996805985769
3.0050786743088373
2.9878863162464566
2.98091594472764
2.9483724350021
2.9465752376450434
2.9446617866319325
2.9378235529339505
2.9557987290715415
2.9263388476674517
2.9107259199732827
2.907200501078651
2.894335663507855
3.1556419247672673
3.1739800733233254
3.1145871849287126
3.084289696481493
3.0394443093784274
3.007586928587111
2.954076338381994
2.931518426017156
2.892436288651966
2.847387178549691
2.8333576690583
2.7986901090258645
2.775355164966886
2.7121783182734536
2.6708933663746666
2.6247885563070814
2.59497141365021
2.5611755895236183
2.5274111231168113
2.4862555341115073
2.4567388967862205
2.4465485082732306
2.419094339249626
2.3906182164237615
2.3693470623758106
2.3551355255028557
2.328755512597069
2.2974436888619074
2.3116568790541754
2.2835404844511125
2.294714155651274
2.2806481241233767
2.2737027747290477
2.2611710940088545
2.2653579598381404
2.253131509773315
2.25930987795194
2.235189105310137
2.2462811493684374
2.2475047352768125
