96.96557520117078
3.601476966388642
3.6933682040562705
3.839291204535772
3.7599073563303267
3.6878639421765764
3.589181058936649
3.555547668820336
3.522611527215867
3.460981445653098
3.452446492891463
3.4212825894355774
3.402982080739642
3.3722081581751504
3.355965626618219
3.324372372930012
3.320569957059527
3.291959997207399
3.2739635649181547
3.2756356994311013
3.2546546648419095
3.237457481641618
3.228000447863624
3.2274513206784685
3.220527872206673
3.188572578959995
3.1685559484693737
3.154788073093172
3.1751536954016912
3.1386515895525613
3.1469641668455943
3.129106529175289
3.1240141107922508
3.1054743982496715
3.0597014332574513
3.0733014695228094
3.063578154359545
3.026806836090391
3.0366845197147794
3.045948900873699
3.0100132463470337
3.030843824621231
3.0000820396438477
2.9873891586349126
2.988751221270788
2.973743860683744
2.9405452031937855
2.935387986046927
2.9441956111363004
2.942701522320036
3.1490589247809515
3.1853846368335543
3.1105394126876953
3.0982698050756303
3.0536049244895813
2.9840549741472517
2.9763528316740007
2.949412292904324
2.9174825634275163
2.893767257531484
2.8738024688902355
2.839679413371616
2.7691232789130438
2.7496458481228543
2.7044305952768477
2.6599186223650735
2.612127979596456
2.5809131983726745
2.5553881923357644
2.5253058615184965
2.487541615962982
2.4798808239755177
2.441148595204429
2.4191178859226286
2.412666911170596
2.379559788912062
2.3756713091381014
2.3536274830500283
2.340987379115725
2.33231617817803
2.319729892980485
2.3078861884654516
2.306896272159758
2.2992361292006476
2.293067600045885
2.28955229218044
2.289613304157106
2.292272017588691
2.2649690338543484
2.2806917826334634
